config               runs episodes  success           95% CI    fall  timeout steps2goal
det_mean                3      505    0.669 [0.651,0.682]   0.331    0.000       29.0
ens3_exp                3      466    0.689 [0.658,0.750]   0.306    0.004       30.0
es_cvar100              3      148    0.609 [0.569,0.638]   0.088    0.303       66.8
es_cvar50_crn           3      156    0.724 [0.679,0.774]   0.025    0.251       60.0
es_cvar50_race          3      167    0.772 [0.745,0.825]   0.072    0.156       64.0
es_cvar50               3      150    0.688 [0.565,0.778]   0.076    0.237       74.5
es_cvar50_shrink        3      156    0.706 [0.660,0.740]   0.070    0.224       61.3
es_exp                  3      191    0.827 [0.815,0.833]   0.079    0.094       56.2
es_exp_shrink           3      158    0.768 [0.708,0.877]   0.065    0.168       65.5
gauss_cvar              3      143    0.598 [0.500,0.706]   0.049    0.353       64.7
gauss_exp               3      173    0.781 [0.754,0.825]   0.093    0.127       62.3
gauss_mean              3      695    0.460 [0.403,0.500]   0.540    0.000       27.3
