--- model seeds [0] (eval seed 211, E=16 N=32 H=10 iters=3, 450 steps) ---
arm              M  eps  success [95% CI]       fall [95% CI]          timeout [95% CI]      
ol_indep         4  109  0.697 [0.606,0.780]     0.229 [0.156,0.312]     0.073 [0.028,0.128]   
ol_indep         8   98  0.806 [0.724,0.878]     0.102 [0.051,0.163]     0.092 [0.041,0.153]   
ol_indep        16   94  0.777 [0.691,0.862]     0.053 [0.011,0.096]     0.170 [0.096,0.245]   
ol_crn3          4  127  0.811 [0.740,0.874]     0.142 [0.087,0.205]     0.047 [0.016,0.087]   
ol_crn3          8  110  0.891 [0.827,0.945]     0.045 [0.009,0.091]     0.064 [0.027,0.109]   
fbstep_indep     4  108  0.833 [0.759,0.898]     0.111 [0.056,0.176]     0.056 [0.019,0.102]   
fbstep_indep     8  110  0.918 [0.864,0.964]     0.018 [0.000,0.045]     0.064 [0.027,0.109]   
fbstep_crn3      4  132  0.909 [0.856,0.955]     0.068 [0.030,0.114]     0.023 [0.000,0.053]   
fbstep_crn3      8  116  0.845 [0.776,0.905]     0.086 [0.043,0.147]     0.069 [0.026,0.121]   
fbstep_crn3     16  121  0.934 [0.884,0.975]     0.033 [0.008,0.066]     0.033 [0.008,0.066]   
--- model seeds [0, 1] (eval seed 211, E=16 N=32 H=10 iters=3, 450 steps) ---
arm              M  eps  success [95% CI]       fall [95% CI]          timeout [95% CI]      
ol_indep         4  219  0.726 [0.667,0.785]     0.201 [0.146,0.251]     0.073 [0.041,0.110]   
ol_indep         8  190  0.789 [0.732,0.842]     0.089 [0.053,0.132]     0.121 [0.079,0.168]   
ol_crn3          4  254  0.831 [0.783,0.874]     0.130 [0.091,0.173]     0.039 [0.016,0.067]   
ol_crn3          8  221  0.905 [0.864,0.941]     0.032 [0.009,0.054]     0.063 [0.032,0.100]   
fbstep_indep     4  215  0.851 [0.805,0.898]     0.079 [0.047,0.116]     0.070 [0.037,0.102]   
fbstep_indep     8  234  0.932 [0.897,0.962]     0.030 [0.009,0.051]     0.038 [0.017,0.064]   
fbstep_crn3      4  276  0.895 [0.859,0.928]     0.091 [0.058,0.127]     0.014 [0.004,0.029]   
fbstep_crn3      8  249  0.908 [0.871,0.944]     0.044 [0.020,0.072]     0.048 [0.024,0.076]   
