commit/defer, scheme=indep, pop=f32, pooled over checkpoints [0, 1, 2], n_test=1500
| bad if true pf > b | alpha | N | P(bad) always commit | SCC FCR [95%] | SCC commit rate | SCC P(bad given commit) | pointwise FCR [95%] | pointwise commit rate | pointwise P(bad given commit) | LTT-conditional: commit rate / P(bad given commit) |
|---|---|---|---|---|---|---|---|---|---|---|
| 0.10 | 0.05 | 2 | 0.571 | 0.048 [0.038,0.060] | 0.101 | 0.467 | 0.079 [0.066,0.094] | 0.136 | 0.580 | 0.000 / 0.000 |
| 0.10 | 0.05 | 4 | 0.534 | 0.047 [0.038,0.059] | 0.107 | 0.442 | 0.121 [0.105,0.138] | 0.185 | 0.650 | 0.000 / 0.000 |
| 0.10 | 0.05 | 8 | 0.531 | 0.045 [0.036,0.057] | 0.109 | 0.414 | 0.173 [0.155,0.193] | 0.242 | 0.714 | 0.000 / 0.000 |
| 0.10 | 0.05 | 16 | 0.546 | 0.044 [0.035,0.056] | 0.111 | 0.396 | 0.233 [0.212,0.255] | 0.307 | 0.759 | 0.000 / 0.000 |
| 0.10 | 0.05 | 32 | 0.576 | 0.041 [0.032,0.053] | 0.111 | 0.370 | 0.293 [0.271,0.317] | 0.371 | 0.791 | 0.000 / 0.000 |
| 0.10 | 0.10 | 2 | 0.571 | 0.096 [0.082,0.112] | 0.167 | 0.576 | 0.152 [0.135,0.171] | 0.399 | 0.383 | 0.000 / 0.000 |
| 0.10 | 0.10 | 4 | 0.534 | 0.095 [0.081,0.111] | 0.157 | 0.601 | 0.220 [0.200,0.242] | 0.542 | 0.407 | 0.000 / 0.000 |
| 0.10 | 0.10 | 8 | 0.531 | 0.096 [0.082,0.112] | 0.162 | 0.592 | 0.302 [0.279,0.325] | 0.671 | 0.450 | 0.000 / 0.000 |
| 0.10 | 0.10 | 16 | 0.546 | 0.094 [0.080,0.109] | 0.162 | 0.574 | 0.381 [0.357,0.406] | 0.771 | 0.494 | 0.000 / 0.000 |
| 0.10 | 0.10 | 32 | 0.576 | 0.087 [0.074,0.102] | 0.159 | 0.545 | 0.458 [0.433,0.483] | 0.846 | 0.541 | 0.000 / 0.000 |
| 0.20 | 0.05 | 2 | 0.507 | 0.048 [0.038,0.060] | 0.125 | 0.382 | 0.078 [0.066,0.093] | 0.210 | 0.376 | 0.000 / 0.000 |
| 0.20 | 0.05 | 4 | 0.466 | 0.048 [0.038,0.060] | 0.131 | 0.361 | 0.122 [0.107,0.140] | 0.298 | 0.413 | 0.000 / 0.000 |
| 0.20 | 0.05 | 8 | 0.455 | 0.049 [0.039,0.061] | 0.137 | 0.357 | 0.176 [0.158,0.197] | 0.392 | 0.452 | 0.000 / 0.000 |
| 0.20 | 0.05 | 16 | 0.463 | 0.046 [0.037,0.058] | 0.135 | 0.339 | 0.238 [0.217,0.260] | 0.498 | 0.479 | 0.000 / 0.000 |
| 0.20 | 0.05 | 32 | 0.487 | 0.043 [0.034,0.055] | 0.133 | 0.326 | 0.304 [0.281,0.328] | 0.589 | 0.516 | 0.000 / 0.000 |
| 0.20 | 0.10 | 2 | 0.507 | 0.097 [0.083,0.113] | 0.313 | 0.313 | 0.146 [0.129,0.165] | 0.563 | 0.259 | 0.000 / 0.000 |
| 0.20 | 0.10 | 4 | 0.466 | 0.097 [0.083,0.113] | 0.203 | 0.476 | 0.205 [0.185,0.226] | 0.703 | 0.291 | 0.000 / 0.000 |
| 0.20 | 0.10 | 8 | 0.455 | 0.097 [0.083,0.113] | 0.200 | 0.484 | 0.270 [0.248,0.293] | 0.802 | 0.336 | 0.000 / 0.000 |
| 0.20 | 0.10 | 16 | 0.463 | 0.097 [0.083,0.113] | 0.201 | 0.481 | 0.336 [0.312,0.360] | 0.868 | 0.387 | 0.000 / 0.000 |
| 0.20 | 0.10 | 32 | 0.487 | 0.093 [0.080,0.109] | 0.197 | 0.473 | 0.402 [0.377,0.427] | 0.913 | 0.440 | 0.000 / 0.000 |
| 0.30 | 0.05 | 2 | 0.374 | 0.049 [0.039,0.061] | 0.364 | 0.136 | 0.076 [0.063,0.090] | 0.577 | 0.131 | 0.000 / 0.000 |
| 0.30 | 0.05 | 4 | 0.332 | 0.050 [0.040,0.062] | 0.256 | 0.196 | 0.109 [0.094,0.125] | 0.713 | 0.152 | 0.000 / 0.000 |
| 0.30 | 0.05 | 8 | 0.319 | 0.048 [0.038,0.060] | 0.218 | 0.220 | 0.153 [0.135,0.172] | 0.811 | 0.188 | 0.000 / 0.000 |
| 0.30 | 0.05 | 16 | 0.318 | 0.048 [0.038,0.060] | 0.221 | 0.217 | 0.200 [0.181,0.221] | 0.873 | 0.229 | 0.000 / 0.000 |
| 0.30 | 0.05 | 32 | 0.338 | 0.046 [0.037,0.058] | 0.210 | 0.221 | 0.257 [0.235,0.280] | 0.916 | 0.280 | 0.000 / 0.000 |
| 0.30 | 0.10 | 2 | 0.374 | 0.098 [0.084,0.114] | 0.654 | 0.150 | 0.128 [0.112,0.146] | 0.712 | 0.179 | 0.000 / 0.000 |
| 0.30 | 0.10 | 4 | 0.332 | 0.097 [0.083,0.113] | 0.654 | 0.149 | 0.161 [0.143,0.180] | 0.811 | 0.198 | 0.000 / 0.000 |
| 0.30 | 0.10 | 8 | 0.319 | 0.100 [0.086,0.116] | 0.498 | 0.201 | 0.203 [0.183,0.224] | 0.879 | 0.231 | 0.000 / 0.000 |
| 0.30 | 0.10 | 16 | 0.318 | 0.099 [0.085,0.115] | 0.336 | 0.295 | 0.243 [0.222,0.265] | 0.923 | 0.263 | 0.000 / 0.000 |
| 0.30 | 0.10 | 32 | 0.338 | 0.098 [0.084,0.114] | 0.305 | 0.321 | 0.289 [0.266,0.312] | 0.950 | 0.304 | 0.000 / 0.000 |